2.00905 1.00539
2.01797 1.01075
2.02675 1.01608
2.03539 1.02138
2.04387 1.02667
2.0522 1.03193
2.06035 1.03718
2.06834 1.04242
2.07615 1.04764
2.08377 1.05286
2.09121 1.05808
2.09845 1.0633
2.10549 1.06852
2.11232 1.07374
2.11895 1.07898
2.12536 1.08423
2.13156 1.0895
2.13753 1.09478
2.14328 1.1001
2.1488 1.10544
2.15409 1.11081
2.15915 1.11623
2.16397 1.12168
2.16855 1.12717
2.17288 1.13272
2.17698 1.13831
2.18083 1.14396
2.18443 1.14967
2.18778 1.15545
2.19089 1.16129
2.19374 1.1672
2.19634 1.17319
2.19868 1.17926
2.20077 1.18541
2.20261 1.19164
2.20419 1.19797
2.20552 1.20438
2.20659 1.2109
2.20741 1.21751
2.20797 1.22422
2.20828 1.23104
2.20834 1.23796
2.20814 1.245
2.20768 1.25215
2.20698 1.25941
2.20603 1.26679
2.20483 1.27428
2.20338 1.2819
2.20168 1.28963
2.19974 1.29749
2.19756 1.30547
2.19514 1.31357
2.19248 1.32179
2.18959 1.33013
2.18646 1.33859
2.1831 1.34717
2.17952 1.35587
2.17571 1.36468
2.17169 1.3736
2.16744 1.38263
2.16298 1.39177
2.15832 1.40101
2.15345 1.41035
2.14837 1.41978
2.1431 1.4293
2.13764 1.4389
2.13199 1.44857
2.12616 1.45832
2.12014 1.46812
2.11396 1.47798
2.1076 1.48789
2.10109 1.49783
2.09441 1.5078
2.08758 1.51779
2.08061 1.52779
2.07349 1.53778
2.06623 1.54777
2.05885 1.55774
2.05133 1.56767
2.0437 1.57756
2.03595 1.58739
2.0281 1.59716
2.02013 1.60685
2.01207 1.61644
2.00392 1.62594
1.99567 1.63532
1.98734 1.64458
1.97893 1.6537
1.97045 1.66267
1.9619 1.67147
1.95328 1.68011
1.9446 1.68856
1.93586 1.69682
1.92707 1.70488
1.91823 1.71272
1.90935 1.72033
1.90043 1.72771
1.89147 1.73485
1.88247 1.74173
1.87345 1.74835
